6471.350098  0.227462  0.222441
6471.529785  0.219262  0.222447
6471.709961  0.207913  0.222454
6471.890137  0.230770  0.222461
6472.069824  0.207680  0.222467
6472.250000  0.241317  0.222474
6472.430176  0.215518  0.222481
6472.609863  0.227400  0.222488
6472.790039  0.239431  0.222495
6472.970215  0.214375  0.222502
6473.149902  0.226353  0.222509
6473.330078  0.203614  0.222516
6473.509766  0.224692  0.222523
6473.689941  0.216709  0.222530
6473.870117  0.241851  0.222538
6474.049805  0.241597  0.222545
6474.229980  0.236839  0.222552
6474.410156  0.229272  0.222559
6474.589844  0.242531  0.222567
6474.770020  0.235400  0.222574
6474.950195  0.218775  0.222582
6475.129883  0.234314  0.222589
6475.310059  0.210550  0.222597
6475.490234  0.208374  0.222604
6475.669922  0.224704  0.222612
6475.850098  0.216395  0.222620
6476.029785  0.231611  0.222627
6476.209961  0.210710  0.222635
6476.390137  0.204697  0.222643
6476.569824  0.244272  0.222651
6476.750000  0.241612  0.222659
6476.930176  0.213092  0.222667
6477.109863  0.230990  0.222675
6477.290039  0.205851  0.222683
6477.470215  0.204530  0.222691
6477.649902  0.214472  0.222699
6477.830078  0.227979  0.222708
6478.009766  0.227577  0.222716
6478.189941  0.226835  0.222724
6478.370117  0.210368  0.222733
6478.549805  0.234943  0.222741
6478.729980  0.231211  0.222750
6478.910156  0.209607  0.222758
6479.089844  0.206239  0.222767
6479.270020  0.207267  0.222776
6479.450195  0.216405  0.222784
6479.629883  0.231171  0.222793
6479.810059  0.216376  0.222802
6479.990234  0.217347  0.222811
6480.169922  0.231788  0.222820
6480.350098  0.230912  0.222829
6480.529785  0.209824  0.222838
6480.709961  0.211108  0.222847
6480.890137  0.214208  0.222856
6481.069824  0.218214  0.222866
6481.250000  0.232364  0.222875
6481.430176  0.229386  0.222884
6481.609863  0.225150  0.222894
6481.790039  0.209233  0.222903
6481.970215  0.230706  0.222913
6482.149902  0.242188  0.222923
6482.330078  0.211709  0.222932
6482.509766  0.216901  0.222942
6482.689941  0.238816  0.222952
6482.870117  0.212771  0.222962
6483.049805  0.240233  0.222972
6483.229980  0.205667  0.222982
6483.410156  0.236219  0.222992
6483.589844  0.230095  0.223002
6483.770020  0.240999  0.223013
6483.950195  0.242883  0.223023
6484.129883  0.214966  0.223033
6484.310059  0.205195  0.223044
6484.490234  0.208527  0.223054
6484.669922  0.207845  0.223065
6484.850098  0.228658  0.223076
6485.029785  0.234527  0.223086
6485.209961  0.235680  0.223097
6485.390137  0.210981  0.223108
6485.569824  0.207970  0.223119
6485.750000  0.223571  0.223130
6485.930176  0.237621  0.223141
6486.109863  0.224976  0.223153
6486.290039  0.223378  0.223164
6486.470215  0.204318  0.223175
6486.649902  0.208163  0.223187
6486.830078  0.228836  0.223198
6487.009766  0.210747  0.223210
6487.189941  0.218264  0.223222
6487.370117  0.229699  0.223234
6487.549805  0.212503  0.223245
6487.729980  0.223496  0.223257
6487.910156  0.228141  0.223269
6488.089844  0.221899  0.223282
6488.270020  0.220440  0.223294
6488.450195  0.219775  0.223306
6488.629883  0.235395  0.223319
6488.810059  0.240118  0.223331
6488.990234  0.214836  0.223344
6489.169922  0.218522  0.223356
6489.350098  0.220572  0.223369
6489.529785  0.240057  0.223382
6489.709961  0.234475  0.223395
6489.890137  0.221124  0.223408
6490.069824  0.205064  0.223421
6490.250000  0.229315  0.223435
6490.430176  0.224942  0.223448
6490.609863  0.220311  0.223461
6490.790039  0.204669  0.223475
6490.970215  0.213795  0.223489
6491.149902  0.212688  0.223502
6491.330078  0.209773  0.223516
6491.509766  0.231540  0.223530
6491.689941  0.220585  0.223544
6491.870117  0.232479  0.223559
6492.049805  0.226783  0.223573
6492.229980  0.217686  0.223587
6492.410156  0.218337  0.223602
6492.589844  0.219486  0.223617
6492.770020  0.204751  0.223631
6492.950195  0.237455  0.223646
6493.129883  0.210876  0.223661
6493.310059  0.241655  0.223676
6493.490234  0.227211  0.223692
6493.669922  0.228193  0.223707
6493.850098  0.234600  0.223722
6494.029785  0.222647  0.223738
6494.209961  0.239673  0.223754
6494.390137  0.235295  0.223769
6494.569824  0.207271  0.223785
6494.750000  0.230623  0.223801
6494.930176  0.210417  0.223818
6495.109863  0.231757  0.223834
6495.290039  0.210275  0.223851
6495.470215  0.212461  0.223867
6495.649902  0.221415  0.223884
6495.830078  0.222267  0.223901
6496.009766  0.209575  0.223918
6496.189941  0.243513  0.223935
6496.370117  0.206357  0.223952
6496.549805  0.209217  0.223970
6496.729980  0.207817  0.223987
6496.910156  0.216235  0.224005
6497.089844  0.224947  0.224023
6497.270020  0.236841  0.224041
6497.450195  0.240064  0.224059
6497.629883  0.228564  0.224077
6497.810059  0.244037  0.224096
6497.990234  0.224162  0.224114
6498.169922  0.233847  0.224133
6498.350098  0.237996  0.224152
6498.529785  0.226789  0.224171
6498.709961  0.226423  0.224191
6498.890137  0.207015  0.224210
6499.069824  0.241765  0.224230
6499.250000  0.207009  0.224249
6499.430176  0.218293  0.224269
6499.609863  0.220900  0.224289
6499.790039  0.206240  0.224310
6499.970215  0.214265  0.224330
6500.149902  0.220400  0.224351
6500.330078  0.239432  0.224371
6500.509766  0.217439  0.224392
6500.689941  0.241511  0.224414
6500.870117  0.239989  0.224435
6501.049805  0.242313  0.224456
6501.229980  0.205446  0.224478
6501.410156  0.223545  0.224500
6501.589844  0.231911  0.224522
6501.770020  0.230431  0.224545
6501.950195  0.220890  0.224567
6502.129883  0.225993  0.224590
6502.310059  0.222833  0.224613
6502.490234  0.216200  0.224636
6502.669922  0.227104  0.224659
6502.850098  0.229030  0.224683
6503.029785  0.228018  0.224706
6503.209961  0.220184  0.224730
6503.390137  0.224177  0.224755
6503.569824  0.205732  0.224779
6503.750000  0.224864  0.224804
6503.930176  0.219517  0.224828
6504.109863  0.231405  0.224854
6504.290039  0.241270  0.224879
6504.470215  0.229310  0.224904
6504.649902  0.219101  0.224930
6504.830078  0.237543  0.224956
6505.009766  0.211821  0.224982
6505.189941  0.208853  0.225009
6505.370117  0.231008  0.225036
6505.549805  0.233692  0.225063
6505.729980  0.213925  0.225090
6505.910156  0.244250  0.225118
6506.089844  0.233205  0.225145
6506.270020  0.215381  0.225174
6506.450195  0.223401  0.225202
6506.629883  0.223087  0.225230
6506.810059  0.241792  0.225259
6506.990234  0.226982  0.225289
6507.169922  0.215206  0.225318
6507.350098  0.239050  0.225348
6507.529785  0.246310  0.225378
6507.709961  0.228810  0.225408
6507.890137  0.223953  0.225439
6508.069824  0.213581  0.225470
6508.250000  0.244341  0.225501
6508.430176  0.231405  0.225533
6508.609863  0.239845  0.225564
6508.790039  0.212140  0.225597
6508.970215  0.216094  0.225629
6509.149902  0.222358  0.225662
6509.330078  0.226098  0.225695
6509.509766  0.227057  0.225728
6509.689941  0.219800  0.225762
6509.870117  0.227723  0.225797
6510.049805  0.206654  0.225831
6510.229980  0.232128  0.225866
6510.410156  0.220967  0.225901
6510.589844  0.233627  0.225937
6510.770020  0.212462  0.225973
6510.950195  0.238964  0.226009
6511.129883  0.212493  0.226046
6511.310059  0.242780  0.226083
6511.490234  0.246451  0.226121
6511.669922  0.208986  0.226159
6511.850098  0.212992  0.226197
6512.029785  0.223585  0.226236
6512.209961  0.221623  0.226275
6512.390137  0.228505  0.226314
6512.569824  0.209930  0.226354
6512.750000  0.225269  0.226395
6512.930176  0.239606  0.226436
6513.109863  0.224078  0.226477
6513.290039  0.229197  0.226519
6513.470215  0.228293  0.226561
6513.649902  0.242694  0.226604
6513.830078  0.222342  0.226647
6514.009766  0.241172  0.226690
6514.189941  0.207247  0.226735
6514.370117  0.228952  0.226779
6514.549805  0.228281  0.226824
6514.729980  0.213809  0.226870
6514.910156  0.232414  0.226916
6515.089844  0.238194  0.226963
6515.270020  0.226709  0.227010
6515.450195  0.246721  0.227058
6515.629883  0.212879  0.227106
6515.810059  0.217230  0.227155
6515.990234  0.210691  0.227204
6516.169922  0.239976  0.227254
6516.350098  0.213681  0.227305
6516.529785  0.211982  0.227356
6516.709961  0.210313  0.227408
6516.890137  0.232915  0.227460
6517.069824  0.237191  0.227513
6517.250000  0.208325  0.227567
6517.430176  0.229595  0.227621
6517.609863  0.230671  0.227676
6517.790039  0.237654  0.227731
6517.970215  0.227979  0.227787
6518.149902  0.220947  0.227844
6518.330078  0.247926  0.227902
6518.509766  0.210890  0.227960
6518.689941  0.216617  0.228019
6518.870117  0.247155  0.228079
6519.049805  0.242072  0.228139
6519.229980  0.209322  0.228201
6519.410156  0.220256  0.228263
6519.589844  0.248251  0.228325
6519.770020  0.249364  0.228389
6519.950195  0.212335  0.228453
6520.129883  0.250443  0.228518
6520.310059  0.239717  0.228584
6520.490234  0.237849  0.228651
6520.669922  0.215610  0.228719
6520.850098  0.214087  0.228787
6521.029785  0.246521  0.228857
6521.209961  0.231768  0.228927
6521.390137  0.246094  0.228998
6521.569824  0.247320  0.229070
6521.750000  0.212261  0.229143
6521.930176  0.251103  0.229218
6522.109863  0.233847  0.229292
6522.290039  0.230323  0.229369
6522.470215  0.232988  0.229446
6522.649902  0.230425  0.229524
6522.830078  0.211851  0.229603
6523.009766  0.247978  0.229683
6523.189941  0.232766  0.229764
6523.370117  0.233856  0.229847
6523.549805  0.233020  0.229930
6523.729980  0.248760  0.230015
6523.910156  0.220872  0.230101
6524.089844  0.246624  0.230188
6524.270020  0.210814  0.230276
6524.450195  0.222854  0.230366
6524.629883  0.223059  0.230457
6524.810059  0.213341  0.230549
6524.990234  0.226007  0.230642
6525.169922  0.236706  0.230737
6525.350098  0.220238  0.230833
6525.529785  0.228016  0.230930
6525.709961  0.231928  0.231029
6525.890137  0.227915  0.231130
6526.069824  0.251960  0.231231
6526.250000  0.216351  0.231335
6526.430176  0.241957  0.231440
6526.609863  0.234703  0.231546
6526.790039  0.212916  0.231654
6526.970215  0.238434  0.231763
6527.149902  0.233478  0.231875
6527.330078  0.226656  0.231988
6527.509766  0.243259  0.232102
6527.689941  0.254182  0.232218
6527.870117  0.223171  0.232337
6528.049805  0.222087  0.232456
6528.229980  0.227867  0.232578
6528.410156  0.227445  0.232702
6528.589844  0.238741  0.232828
6528.770020  0.216433  0.232955
6528.950195  0.252023  0.233085
6529.129883  0.219730  0.233217
6529.310059  0.255060  0.233351
6529.490234  0.245912  0.233487
6529.669922  0.223325  0.233625
6529.850098  0.219378  0.233765
6530.029785  0.228060  0.233908
6530.209961  0.233927  0.234053
6530.390137  0.236733  0.234201
6530.569824  0.224493  0.234350
6530.750000  0.245922  0.234503
6530.930176  0.220773  0.234658
6531.109863  0.240495  0.234815
6531.290039  0.224567  0.234976
6531.470215  0.217488  0.235139
6531.649902  0.224325  0.235304
6531.830078  0.220643  0.235473
6532.009766  0.227555  0.235644
6532.189941  0.223419  0.235819
6532.370117  0.236714  0.235997
6532.549805  0.250170  0.236177
6532.729980  0.248692  0.236361
6532.910156  0.220400  0.236549
6533.089844  0.228564  0.236739
6533.270020  0.243714  0.236933
6533.450195  0.239971  0.237131
6533.629883  0.218717  0.237332
6533.810059  0.222287  0.237536
6533.990234  0.230175  0.237745
6534.169922  0.244801  0.237957
6534.350098  0.252843  0.238174
6534.529785  0.255094  0.238394
6534.709961  0.230758  0.238619
6534.890137  0.235286  0.238848
6535.069824  0.245762  0.239081
6535.250000  0.221804  0.239319
6535.430176  0.253314  0.239561
6535.609863  0.243926  0.239808
6535.790039  0.236387  0.240060
6535.970215  0.233503  0.240317
6536.149902  0.232935  0.240579
6536.330078  0.251457  0.240846
6536.509766  0.236894  0.241118
6536.689941  0.249639  0.241397
6536.870117  0.221323  0.241681
6537.049805  0.260682  0.241970
6537.229980  0.224265  0.242266
6537.410156  0.261194  0.242568
6537.589844  0.259494  0.242875
6537.770020  0.233970  0.243190
6537.950195  0.250993  0.243511
6538.129883  0.251659  0.243839
6538.310059  0.260531  0.244174
6538.490234  0.230391  0.244516
6538.669922  0.242326  0.244865
6538.850098  0.264252  0.245223
6539.029785  0.242973  0.245587
6539.209961  0.241599  0.245961
6539.390137  0.239451  0.246343
6539.569824  0.248097  0.246732
6539.750000  0.266713  0.247132
6539.930176  0.263920  0.247540
6540.109863  0.250540  0.247957
6540.290039  0.232060  0.248384
6540.470215  0.262345  0.248822
6540.649902  0.255353  0.249268
6540.830078  0.260146  0.249727
6541.009766  0.238313  0.250195
6541.189941  0.265756  0.250675
6541.370117  0.254918  0.251167
6541.549805  0.251992  0.251670
6541.729980  0.246715  0.252186
6541.910156  0.232794  0.252715
6542.089844  0.258241  0.253256
6542.270020  0.274621  0.253812
6542.450195  0.241047  0.254382
6542.629883  0.272700  0.254965
6542.810059  0.238423  0.255565
6542.990234  0.256277  0.256180
6543.169922  0.237792  0.256809
6543.350098  0.270091  0.257456
6543.529785  0.274813  0.258119
6543.709961  0.279707  0.258802
6543.890137  0.265557  0.259503
6544.069824  0.252782  0.260220
6544.250000  0.237755  0.260960
6544.430176  0.266339  0.261720
6544.609863  0.264902  0.262498
6544.790039  0.247670  0.263301
6544.970215  0.247113  0.264127
6545.149902  0.284100  0.264973
6545.330078  0.253224  0.265847
6545.509766  0.256691  0.266743
6545.689941  0.280697  0.267667
6545.870117  0.249342  0.268619
6546.049805  0.262318  0.269597
6546.229980  0.278056  0.270606
6546.410156  0.282057  0.271646
6546.589844  0.273374  0.272715
6546.770020  0.253643  0.273820
6546.950195  0.254933  0.274958
6547.129883  0.254456  0.276129
6547.310059  0.281033  0.277341
6547.490234  0.299156  0.278590
6547.669922  0.263421  0.279877
6547.850098  0.263787  0.281208
6548.029785  0.276743  0.282579
6548.209961  0.259308  0.283999
6548.390137  0.292585  0.285466
6548.569824  0.292617  0.286979
6548.750000  0.281612  0.288546
6548.930176  0.272022  0.290167
6549.109863  0.274923  0.291839
6549.290039  0.309415  0.293574
6549.470215  0.313698  0.295369
6549.649902  0.285355  0.297223
6549.830078  0.295697  0.299148
6550.009766  0.273719  0.301136
6550.189941  0.289051  0.303202
6550.370117  0.308314  0.305344
6550.549805  0.310955  0.307558
6550.729980  0.296272  0.309861
6550.910156  0.312681  0.312250
6551.089844  0.296508  0.314722
6551.270020  0.310289  0.317296
6551.450195  0.332964  0.319968
6551.629883  0.320940  0.322736
6551.810059  0.315629  0.325620
6551.990234  0.345858  0.328617
6552.169922  0.316950  0.331724
6552.350098  0.309179  0.334964
6552.529785  0.358463  0.338324
6552.709961  0.316131  0.341830
6552.890137  0.362683  0.345478
6553.069824  0.357557  0.349265
6553.250000  0.383883  0.353219
6553.430176  0.369284  0.357336
6553.609863  0.372029  0.361612
6553.790039  0.365705  0.366079
6553.970215  0.371339  0.370733
6554.149902  0.341745  0.375569
6554.330078  0.353841  0.380622
6554.509766  0.416474  0.385874
6554.689941  0.419980  0.391363
6554.870117  0.400475  0.397083
6555.049805  0.377827  0.403027
6555.229980  0.419557  0.409239
6555.410156  0.404875  0.415710
6555.589844  0.388531  0.422432
6555.770020  0.438149  0.429451
6555.950195  0.458757  0.436757
6556.129883  0.445892  0.444338
6556.310059  0.475758  0.452242
6556.490234  0.497608  0.460456
6556.669922  0.483923  0.468963
6556.850098  0.474783  0.477812
6557.029785  0.485651  0.486957
6557.209961  0.496676  0.496449
6557.390137  0.525805  0.506261
6557.569824  0.541102  0.516359
6557.750000  0.506443  0.526790
6557.930176  0.548748  0.537513
6558.109863  0.573090  0.548481
6558.290039  0.518182  0.559731
6558.470215  0.574032  0.571204
6558.649902  0.560000  0.582834
6558.830078  0.610559  0.594643
6559.009766  0.643147  0.606518
6559.189941  0.651683  0.618466
6559.370117  0.610084  0.630390
6559.549805  0.686069  0.642187
6559.729980  0.636886  0.653839
6559.910156  0.705583  0.665226
6560.089844  0.655845  0.676226
6560.270020  0.690269  0.686798
6560.450195  0.645166  0.696809
6560.629883  0.657681  0.706129
6560.810059  0.699865  0.714705
6560.990234  0.706020  0.722408
6561.169922  0.694256  0.729125
6561.350098  0.787261  0.734804
6561.529785  0.706393  0.739339
6561.709961  0.745952  0.742690
6561.890137  0.769000  0.744795
6562.069824  0.697372  0.745623
6562.250000  0.748222  0.745167
6562.430176  0.764010  0.743430
6562.609863  0.718132  0.740446
6562.790039  0.738667  0.736242
6562.970215  0.761389  0.730884
6563.149902  0.718705  0.724464
6563.330078  0.677667  0.717033
6563.509766  0.715125  0.708724
6563.689941  0.713201  0.699592
6563.870117  0.728239  0.689763
6564.049805  0.698580  0.679372
6564.229980  0.696558  0.668466
6564.410156  0.657962  0.657172
6564.589844  0.672829  0.645619
6564.770020  0.664256  0.633834
6564.950195  0.600445  0.621929
6565.129883  0.607251  0.610013
6565.310059  0.620325  0.598088
6565.490234  0.572110  0.586246
6565.669922  0.548475  0.574568
6565.850098  0.566656  0.563036
6566.029785  0.503327  0.551749
6566.209961  0.543109  0.540675
6566.390137  0.561858  0.529870
6566.569824  0.534902  0.519381
6566.750000  0.483936  0.509165
6566.930176  0.498137  0.499262
6567.109863  0.506775  0.489702
6567.290039  0.510367  0.480438
6567.470215  0.461924  0.471496
6567.649902  0.469805  0.462897
6567.830078  0.440621  0.454592
6568.009766  0.465172  0.446619
6568.189941  0.464678  0.438930
6568.370117  0.454345  0.431539
6568.549805  0.395887  0.424457
6568.729980  0.397436  0.417636
6568.910156  0.398999  0.411088
6569.089844  0.413213  0.404819
6569.270020  0.398593  0.398786
6569.450195  0.353741  0.392997
6569.629883  0.348134  0.387457
6569.810059  0.381948  0.382127
6569.990234  0.401421  0.377013
6570.169922  0.354442  0.372119
6570.350098  0.359654  0.367409
6570.529785  0.330871  0.362901
6570.709961  0.361724  0.358561
6570.890137  0.347753  0.354396
6571.069824  0.363206  0.350406
6571.250000  0.320303  0.346564
6571.430176  0.309113  0.342873
6571.609863  0.355427  0.339336
6571.790039  0.327021  0.335927
6571.970215  0.353085  0.332651
6572.149902  0.344828  0.329508
6572.330078  0.335855  0.326477
6572.509766  0.306120  0.323569
6572.689941  0.337460  0.320762
6572.870117  0.322779  0.318060
6573.049805  0.321866  0.315465
6573.229980  0.283499  0.312959
6573.410156  0.294222  0.310544
6573.589844  0.294782  0.308223
6573.770020  0.321710  0.305979
6573.950195  0.282294  0.303815
6574.129883  0.316846  0.301733
6574.310059  0.294110  0.299719
6574.490234  0.307823  0.297774
6574.669922  0.286777  0.295901
6574.850098  0.300896  0.294088
6575.029785  0.273394  0.292341
6575.209961  0.287396  0.290647
6575.390137  0.290965  0.289010
6575.569824  0.259964  0.287432
6575.750000  0.304949  0.285901
6575.930176  0.259849  0.284420
6576.109863  0.258905  0.282990
6576.290039  0.300421  0.281602
6576.470215  0.296576  0.280258
6576.649902  0.272239  0.278960
6576.830078  0.262894  0.277699
6577.009766  0.283644  0.276480
6577.189941  0.260673  0.275295
6577.370117  0.271904  0.274146
6577.549805  0.287394  0.273035
6577.729980  0.254949  0.271954
6577.910156  0.259456  0.270905
6578.089844  0.279468  0.269889
6578.270020  0.265227  0.268901
6578.450195  0.264641  0.267941
6578.629883  0.279464  0.267011
6578.810059  0.254904  0.266104
6578.990234  0.252328  0.265224
6579.169922  0.248936  0.264370
6579.350098  0.261823  0.263538
6579.529785  0.252683  0.262731
6579.709961  0.245734  0.261944
6579.890137  0.237781  0.261178
6580.069824  0.282391  0.260435
6580.250000  0.246763  0.259709
6580.430176  0.236929  0.259003
6580.609863  0.264289  0.258317
6580.790039  0.247834  0.257647
6580.970215  0.264323  0.256995
6581.149902  0.271961  0.256361
6581.330078  0.276205  0.255741
6581.509766  0.253958  0.255139
6581.689941  0.268968  0.254550
6581.870117  0.242702  0.253976
6582.049805  0.235888  0.253418
6582.229980  0.274351  0.252871
6582.410156  0.274752  0.252338
6582.589844  0.265766  0.251820
6582.770020  0.246907  0.251312
6582.950195  0.244747  0.250817
6583.129883  0.269344  0.250334
6583.310059  0.232908  0.249862
6583.490234  0.263019  0.249400
6583.669922  0.268138  0.248951
6583.850098  0.235578  0.248510
6584.029785  0.226053  0.248081
6584.209961  0.246689  0.247660
6584.390137  0.249251  0.247249
6584.569824  0.255406  0.246848
6584.750000  0.245411  0.246455
6584.930176  0.230097  0.246071
6585.109863  0.233938  0.245696
6585.290039  0.247519  0.245328
6585.470215  0.243208  0.244968
6585.649902  0.245305  0.244617
6585.830078  0.232726  0.244272
6586.009766  0.257430  0.243936
6586.189941  0.248878  0.243606
6586.370117  0.229909  0.243282
6586.549805  0.233557  0.242967
6586.729980  0.250603  0.242656
6586.910156  0.261951  0.242353
6587.089844  0.244980  0.242056
6587.270020  0.235707  0.241764
6587.450195  0.255301  0.241479
6587.629883  0.225612  0.241199
6587.810059  0.243764  0.240925
6587.990234  0.250983  0.240656
6588.169922  0.254826  0.240393
6588.350098  0.244293  0.240134
6588.529785  0.260832  0.239881
6588.709961  0.236359  0.239633
6588.890137  0.242154  0.239389
6589.069824  0.224921  0.239150
6589.250000  0.229811  0.238915
6589.430176  0.225511  0.238685
6589.609863  0.246702  0.238459
6589.790039  0.236255  0.238238
6589.970215  0.229318  0.238020
6590.149902  0.253019  0.237807
6590.330078  0.233475  0.237597
6590.509766  0.235719  0.237391
6590.689941  0.245485  0.237189
6590.870117  0.221689  0.236990
6591.049805  0.248628  0.236795
6591.229980  0.237521  0.236604
6591.410156  0.219324  0.236415
6591.589844  0.237970  0.236231
6591.770020  0.235562  0.236049
6591.950195  0.250345  0.235870
6592.129883  0.229612  0.235695
6592.310059  0.219800  0.235523
6592.490234  0.222119  0.235353
6592.669922  0.234506  0.235187
6592.850098  0.232678  0.235023
6593.029785  0.241979  0.234862
6593.209961  0.232738  0.234703
6593.390137  0.238733  0.234548
6593.569824  0.236588  0.234395
6593.750000  0.217840  0.234244
6593.930176  0.251852  0.234096
6594.109863  0.255888  0.233950
6594.290039  0.243075  0.233807
6594.470215  0.240731  0.233665
6594.649902  0.240355  0.233527
6594.830078  0.240758  0.233390
6595.009766  0.240967  0.233256
6595.189941  0.228409  0.233123
6595.370117  0.236711  0.232993
6595.549805  0.253112  0.232865
6595.729980  0.251976  0.232739
6595.910156  0.221609  0.232614
6596.089844  0.232720  0.232492
6596.270020  0.245159  0.232371
6596.450195  0.226745  0.232253
6596.629883  0.221259  0.232136
6596.810059  0.240769  0.232021
6596.990234  0.228167  0.231907
6597.169922  0.234673  0.231796
6597.350098  0.215304  0.231685
6597.529785  0.253103  0.231577
6597.709961  0.216064  0.231470
6597.890137  0.214782  0.231365
6598.069824  0.223212  0.231261
6598.250000  0.211841  0.231159
6598.430176  0.213220  0.231058
6598.609863  0.230244  0.230959
6598.790039  0.219031  0.230861
6598.970215  0.249666  0.230765
6599.149902  0.247511  0.230670
6599.330078  0.217602  0.230576
6599.509766  0.250504  0.230483
6599.689941  0.250075  0.230392
6599.870117  0.239653  0.230302
6600.049805  0.211446  0.230214
6600.229980  0.223051  0.230126
6600.410156  0.251067  0.230040
6600.589844  0.237188  0.229955
6600.770020  0.211564  0.229871
6600.950195  0.247378  0.229788
6601.129883  0.240724  0.229707
6601.310059  0.216048  0.229626
6601.490234  0.239592  0.229547
6601.669922  0.232954  0.229468
6601.850098  0.248272  0.229391
6602.029785  0.230547  0.229315
6602.209961  0.214466  0.229239
6602.390137  0.236002  0.229165
6602.569824  0.231570  0.229092
6602.750000  0.250508  0.229019
6602.930176  0.220815  0.228947
6603.109863  0.220397  0.228877
6603.290039  0.235279  0.228807
6603.470215  0.232906  0.228738
6603.649902  0.230266  0.228671
6603.830078  0.246620  0.228603
6604.009766  0.242830  0.228537
6604.189941  0.231690  0.228472
6604.370117  0.213998  0.228407
6604.549805  0.209959  0.228344
6604.729980  0.226478  0.228281
6604.910156  0.226961  0.228218
6605.089844  0.218602  0.228157
6605.270020  0.248441  0.228096
6605.450195  0.217636  0.228036
6605.629883  0.215223  0.227977
6605.810059  0.208619  0.227919
6605.990234  0.220553  0.227861
6606.169922  0.223868  0.227804
6606.350098  0.241731  0.227747
6606.529785  0.208518  0.227692
6606.709961  0.228660  0.227637
6606.890137  0.220726  0.227582
6607.069824  0.237607  0.227529
6607.250000  0.235866  0.227475
6607.430176  0.215076  0.227423
6607.609863  0.239130  0.227371
6607.790039  0.224431  0.227320
6607.970215  0.226091  0.227269
6608.149902  0.220549  0.227219
6608.330078  0.209916  0.227169
6608.509766  0.241162  0.227120
6608.689941  0.242703  0.227072
6608.870117  0.230215  0.227024
6609.049805  0.213690  0.226977
6609.229980  0.208722  0.226930
6609.410156  0.242880  0.226883
6609.589844  0.243140  0.226838
6609.770020  0.219638  0.226792
6609.950195  0.241522  0.226748
6610.129883  0.214134  0.226703
6610.310059  0.231153  0.226660
6610.490234  0.238870  0.226616
6610.669922  0.221127  0.226573
6610.850098  0.217211  0.226531
6611.029785  0.246254  0.226489
6611.209961  0.227412  0.226448
6611.390137  0.214450  0.226407
6611.569824  0.235761  0.226366
6611.750000  0.213053  0.226326
6611.930176  0.231609  0.226286
6612.109863  0.245104  0.226247
6612.290039  0.230829  0.226208
6612.470215  0.212480  0.226170
6612.649902  0.213176  0.226132
6612.830078  0.236833  0.226094
6613.009766  0.239450  0.226057
6613.189941  0.210180  0.226020
6613.370117  0.235236  0.225983
6613.549805  0.245072  0.225947
6613.729980  0.228456  0.225912
6613.910156  0.234711  0.225876
6614.089844  0.235466  0.225841
6614.270020  0.215672  0.225807
6614.450195  0.247583  0.225772
6614.629883  0.228899  0.225738
6614.810059  0.231643  0.225705
6614.990234  0.222882  0.225671
6615.169922  0.238314  0.225639
6615.350098  0.228550  0.225606
6615.529785  0.210491  0.225574
6615.709961  0.209464  0.225542
6615.890137  0.234210  0.225510
6616.069824  0.215088  0.225479
6616.250000  0.226195  0.225448
6616.430176  0.222490  0.225417
6616.609863  0.238666  0.225387
6616.790039  0.232045  0.225356
6616.970215  0.217512  0.225327
6617.149902  0.212659  0.225297
6617.330078  0.224701  0.225268
6617.509766  0.235982  0.225239
6617.689941  0.236327  0.225210
6617.870117  0.221094  0.225182
6618.049805  0.230018  0.225154
6618.229980  0.240222  0.225126
6618.410156  0.214698  0.225098
6618.589844  0.238977  0.225071
6618.770020  0.224873  0.225044
6618.950195  0.218037  0.225017
6619.129883  0.216076  0.224990
6619.310059  0.227423  0.224964
6619.490234  0.245591  0.224938
6619.669922  0.209285  0.224912
6619.850098  0.212441  0.224886
6620.029785  0.233174  0.224861
6620.209961  0.223530  0.224836
6620.390137  0.215048  0.224811
6620.569824  0.242383  0.224786
6620.750000  0.212448  0.224762
6620.930176  0.237548  0.224737
6621.109863  0.230285  0.224713
6621.290039  0.213564  0.224690
6621.470215  0.215062  0.224666
6621.649902  0.230267  0.224643
6621.830078  0.231422  0.224619
6622.009766  0.218016  0.224596
6622.189941  0.213331  0.224574
6622.370117  0.209018  0.224551
6622.549805  0.207313  0.224529
6622.729980  0.217634  0.224507
6622.910156  0.208990  0.224485
6623.089844  0.205760  0.224463
6623.270020  0.243629  0.224441
6623.450195  0.233985  0.224420
6623.629883  0.237444  0.224399
6623.810059  0.229154  0.224378
6623.990234  0.244121  0.224357
6624.169922  0.217322  0.224336
6624.350098  0.215067  0.224316
6624.529785  0.240021  0.224295
6624.709961  0.207661  0.224275
6624.890137  0.240095  0.224255
6625.069824  0.238053  0.224235
6625.250000  0.229271  0.224216
6625.430176  0.232052  0.224196
6625.609863  0.207446  0.224177
6625.790039  0.223401  0.224158
6625.970215  0.221650  0.224139
6626.149902  0.238664  0.224120
6626.330078  0.216413  0.224101
6626.509766  0.212131  0.224083
6626.689941  0.233664  0.224064
6626.870117  0.208762  0.224046
6627.049805  0.242474  0.224028
6627.229980  0.215880  0.224010
6627.410156  0.219586  0.223992
6627.589844  0.223095  0.223975
6627.770020  0.213783  0.223957
6627.950195  0.207705  0.223940
6628.129883  0.229975  0.223923
6628.310059  0.230412  0.223906
6628.490234  0.224237  0.223889
6628.669922  0.212437  0.223872
6628.850098  0.237582  0.223855
6629.029785  0.216919  0.223839
6629.209961  0.207274  0.223822
6629.390137  0.222550  0.223806
6629.569824  0.206812  0.223790
6629.750000  0.228688  0.223774
6629.930176  0.221740  0.223758
6630.109863  0.220648  0.223742
6630.290039  0.219261  0.223727
6630.470215  0.213061  0.223711
6630.649902  0.219130  0.223696
6630.830078  0.205687  0.223681
6631.009766  0.244034  0.223666
6631.189941  0.205746  0.223651
6631.370117  0.204595  0.223636
6631.549805  0.228433  0.223621
6631.729980  0.235533  0.223606
6631.910156  0.243115  0.223592
6632.089844  0.214206  0.223577
6632.270020  0.234206  0.223563
6632.450195  0.232942  0.223549
6632.629883  0.237871  0.223534
6632.810059  0.209601  0.223520
6632.990234  0.218137  0.223506
6633.169922  0.240113  0.223493
6633.350098  0.216595  0.223479
6633.529785  0.207069  0.223465
6633.709961  0.240545  0.223452
6633.890137  0.214310  0.223438
6634.069824  0.212841  0.223425
6634.250000  0.228566  0.223412
6634.430176  0.236034  0.223399
6634.609863  0.222507  0.223386
6634.790039  0.237993  0.223373
6634.970215  0.228895  0.223360
6635.149902  0.226020  0.223347
6635.330078  0.223000  0.223335
6635.509766  0.207430  0.223322
6635.689941  0.225517  0.223310
6635.870117  0.232634  0.223297
6636.049805  0.213868  0.223285
6636.229980  0.208728  0.223273
6636.410156  0.207749  0.223261
6636.589844  0.228269  0.223249
6636.770020  0.222874  0.223237
6636.950195  0.215526  0.223225
6637.129883  0.236100  0.223213
6637.310059  0.227022  0.223202
6637.490234  0.236386  0.223190
6637.669922  0.243392  0.223179
6637.850098  0.233643  0.223167
6638.029785  0.243744  0.223156
6638.209961  0.204720  0.223145
6638.390137  0.223353  0.223133
6638.569824  0.229014  0.223122
6638.750000  0.230759  0.223111
6638.930176  0.204048  0.223100
6639.109863  0.228910  0.223090
6639.290039  0.210618  0.223079
6639.470215  0.214289  0.223068
6639.649902  0.217413  0.223057
6639.830078  0.231680  0.223047
6640.009766  0.217173  0.223036
6640.189941  0.208603  0.223026
6640.370117  0.237810  0.223016
6640.549805  0.215204  0.223005
6640.729980  0.227488  0.222995
6640.910156  0.242331  0.222985
6641.089844  0.216771  0.222975
6641.270020  0.206729  0.222965
6641.450195  0.205776  0.222955
6641.629883  0.213514  0.222945
6641.810059  0.244526  0.222935
6641.990234  0.221867  0.222925
6642.169922  0.235394  0.222916
6642.350098  0.218885  0.222906
6642.529785  0.206525  0.222897
6642.709961  0.222249  0.222887
6642.890137  0.223053  0.222878
6643.069824  0.226273  0.222868
6643.250000  0.206913  0.222859
6643.430176  0.229880  0.222850
6643.609863  0.243816  0.222841
6643.790039  0.225627  0.222832
6643.970215  0.224559  0.222823
6644.149902  0.225586  0.222814
6644.330078  0.229201  0.222805
6644.509766  0.216388  0.222796
6644.689941  0.241790  0.222787
6644.870117  0.212625  0.222778
6645.049805  0.238800  0.222769
6645.229980  0.206549  0.222761
6645.410156  0.230956  0.222752
6645.589844  0.208417  0.222744
6645.770020  0.240194  0.222735
6645.950195  0.211819  0.222727
6646.129883  0.234994  0.222718
6646.310059  0.229375  0.222710
6646.490234  0.204696  0.222702
6646.669922  0.204459  0.222694
6646.850098  0.218657  0.222685
6647.029785  0.207055  0.222677
6647.209961  0.236671  0.222669
6647.390137  0.237353  0.222661
6647.569824  0.217450  0.222653
6647.750000  0.243858  0.222645
6647.930176  0.217456  0.222637
6648.109863  0.223076  0.222630
6648.290039  0.229049  0.222622
6648.470215  0.206843  0.222614
6648.649902  0.210300  0.222607
6648.830078  0.233498  0.222599
6649.009766  0.230713  0.222591
6649.189941  0.233061  0.222584
6649.370117  0.232253  0.222576
6649.549805  0.239985  0.222569
6649.729980  0.217752  0.222561
6649.910156  0.206647  0.222554
6650.089844  0.243284  0.222547
6650.270020  0.213340  0.222540
6650.450195  0.209591  0.222532
6650.629883  0.240343  0.222525
6650.810059  0.237149  0.222518
6650.990234  0.240007  0.222511
6651.169922  0.231448  0.222504
6651.350098  0.239508  0.222497
6651.529785  0.205108  0.222490
6651.709961  0.226216  0.222483
6651.890137  0.236985  0.222476
6652.069824  0.222218  0.222469
6652.250000  0.229029  0.222463
6652.430176  0.234168  0.222456
6652.609863  0.239635  0.222449
6652.790039  0.221442  0.222443
6652.970215  0.221507  0.222436
6653.149902  0.235505  0.222429
6653.330078  0.243423  0.222423
6653.509766  0.211727  0.222416
6653.689941  0.224596  0.222410
6653.870117  0.233453  0.222403
6654.049805  0.231506  0.222397
6654.229980  0.203505  0.222391
6654.410156  0.243171  0.222384
6654.589844  0.209775  0.222378
6654.770020  0.205356  0.222372
6654.950195  0.208689  0.222365
6655.129883  0.217616  0.222359
6655.310059  0.241587  0.222353
6655.490234  0.241295  0.222347
